0.221060
0.416740
0.471480
0.502440
0.522280
0.536840
0.549520
0.560820
0.569300
0.574520
0.583000
0.589600
0.595740
0.598380
0.605120
0.612540
0.610520
0.615740
0.619280
0.624340
0.627800
0.632460
0.635640
0.634900
0.639540
0.642780
0.643240
0.643720
0.647740
0.651440
0.653620
0.653260
0.657240
0.656800
0.660080
0.661680
0.663780
0.664520
0.669380
0.669340
0.666340
0.674340
0.669500
0.677200
0.674600
0.674220
0.675600
0.676360
0.680300
0.683800
0.685520
0.683740
0.687020
0.688380
0.686900
0.687800
0.689300
0.690220
0.693000
0.696740
0.695200
0.696440
0.698820
0.695640
0.697940
0.697020
0.694640
0.701620
0.701200
0.700820
0.703660
0.706940
0.706240
0.704560
0.704960
0.707440
0.707520
0.708480
0.712320
0.710560
0.709720
0.712200
0.713880
0.712280
0.716860
0.716240
0.713000
0.714160
0.720080
0.721320
0.719260
0.722700
0.719820
0.722840
0.720760
0.721980
0.719200
0.725060
0.722900
0.725700
0.877800
0.923540
0.941040
0.952920
0.961540
0.968980
0.975100
0.979700
0.983060
0.986320
0.988520
0.990540
0.992000
0.993400
0.994180
0.994840
0.996200
0.996300
0.996920
0.996980
0.997420
0.997940
0.998240
0.998280
0.998540
0.998560
0.998640
0.998800
0.998940
0.998980
0.999040
0.999000
0.999300
0.999240
0.999380
0.999420
0.999360
0.999360
0.999520
0.999520
0.999520
0.999240
0.999580
0.999600
0.999520
0.999520
0.999700
0.999420
0.999420
0.999340
0.999600
0.999880
0.999940
0.999920
0.999940
0.999900
0.999920
0.999940
0.999940
0.999940
0.999940
0.999940
0.999940
0.999940
0.999940
0.999920
0.999940
0.999920
0.999940
0.999940
0.999940
0.999940
0.999940
0.999940
0.999940
0.999940
0.999940
0.999940
0.999920
0.999940
0.999920
0.999920
0.999940
0.999940
0.999940
0.999940
0.999940
0.999940
0.999940
0.999920
0.999940
0.999940
0.999940
0.999940
0.999940
0.999940
0.999940
0.999940
0.999940
0.999920
