6.839295
4.609757
3.456915
2.841213
2.504069
2.330635
2.238411
2.179436
2.145726
2.127612
2.120375
2.116103
2.103247
2.107700
2.096196
2.095057
2.089844
2.084465
2.090442
2.082425
2.087971
2.082432
2.085112
2.081804
2.080954
2.084817
2.079288
2.080132
2.076532
2.074001
2.073171
2.074468
2.071271
2.070489
2.072483
2.071095
2.068471
2.075049
2.072050
2.068727
2.066767
2.066895
2.067324
2.066286
2.076695
2.065326
2.061459
2.065811
2.064139
2.067468
2.061515
2.066739
2.066711
2.066651
2.061818
2.060999
2.062005
2.056295
2.059416
2.058525
2.057566
2.058815
2.058412
2.062166
2.062607
2.053881
2.062885
2.052508
2.060003
2.057836
2.056893
2.053407
2.050970
2.050281
2.053505
2.053316
2.054036
2.052259
2.049300
2.047477
2.046385
2.049983
2.049292
2.048502
2.045651
2.047899
2.049109
2.043081
2.041944
2.045327
2.039112
2.050155
2.044349
2.043596
2.043630
2.040009
2.043499
2.041891
2.042195
2.041414
1.749986
1.671876
1.636705
1.609022
1.585352
1.563870
1.545574
1.528777
1.512653
1.494682
1.483497
1.471764
1.456514
1.444844
1.433021
1.421640
1.412086
1.400320
1.390061
1.382706
1.370937
1.360192
1.353228
1.345394
1.336364
1.323207
1.318467
1.308160
1.302341
1.294869
1.285022
1.275375
1.270919
1.262055
1.250574
1.251280
1.243371
1.232993
1.228798
1.223134
1.213065
1.208650
1.197166
1.189470
1.188403
1.180908
1.179380
1.173540
1.162089
1.160883
1.153587
1.025025
1.000144
0.993843
0.989398
0.985907
0.982661
0.979686
0.977920
0.976879
0.974900
0.972647
0.970749
0.968879
0.968050
0.965935
0.964334
0.963441
0.962057
0.960392
0.959845
0.958396
0.957020
0.956367
0.955591
0.954226
0.952544
0.951506
0.950981
0.949913
0.948836
0.947412
0.947164
0.946184
0.944977
0.944155
0.943324
0.942852
0.941391
0.940657
0.939480
0.938798
0.938145
0.936868
0.936369
0.935336
0.934800
0.934426
0.933585
0.932992
